0 京A55666 0 39600 28500 1920 1
1 京A34578 0 28800 28500 1920 1
2 京A89543 0 54000 26400 2400 1
3 京A12536 1 32400 30400 3000 1
4 京A90865 1 46800 30400 3720 1
5 京A12537 1 64800 30400 3720 1
6 京A12367 0 28800 28500 1920 0
7 京A12896 0 39600 28500 1920 0
8 京A32637 0 54000 26400 2400 0
9 京A21878 1 32400 30400 3000 0
10 京A8965 1 46800 30400 3720 0
11 京A67125 1 64800 30400 3720 0
12 京A86541 0 57600 27500 2397 1
13 京A89712 0 64800 26400 2465 1
14 京A78643 0 57600 27500 2397 1
15 京A12895 0 64800 26400 2465 1
