0 1 50 1 1 0
1 2 283 1 1 0
2 5 72 1 1 0
5 6 114 1 1 0
6 7 146 0 0.5 0
6 7 177 0 0.7 0
7 8 74 1 0.4 0
8 9 18 1 0.7 0
2 3 104 1 1 0
2 3 138 1 1 0
2 3 156 1 1 0
7 13 83 0 1 0
13 14 82 0 1 0
14 15 63 0 1 0
15 16 66 1 1 0
16 17 82 0 0.3 0
16 17 99 0 0.8 0
17 18 72 0 0.9 0
18 20 50 0 1 0
20 21 47 1 1 0
21 22 64 1 1 0
23 24 104 0 1 0
24 26 83 0 1 0
26 25 85 0 1 0
26 25 99 0 1 0
27 25 86 0 1 0
28 29 165 0 0.7 0
29 2 364 0 1 0
4 30 47 1 0.3 0
4 30 53 1 0.3 0
30 32 32 0 0.6 0
32 31 26 0 1 0
31 26 43 1 1 0
5 6 140 0 0.7 0
18 19 60 1 0.8 0
19 4 96 1 1 0
18 33 68 1 1 0
33 4 90 1 1 0
35 20 26 1 1 0
36 3 45 1 1 0
36 37 51 1 1 0
37 38 22 1 1 0
38 27 29 1 1 0
27 40 62 1 1 0
40 28 86 1 1 0
3 41 92 1 1 0
41 4 73 1 1 0
13 42 68 0 0.8 0
42 8 63 1 0.7 0
42 12 38 1 0.6 0
12 43 64 1 0.8 0
43 14 63 0 1 0
43 4 96 1 1 0
44 113 68 0 1 0
113 45 30 0 1 0
112 113 81 1 1 0
45 46 38 1 1 0
46 47 33 1 1 0
46 48 38 1 1 0
47 49 39 1 1 0
49 50 39 0 1 0
49 51 45 0 1 0
51 52 79 1 1 0
114 52 33 0 1 0
52 53 29 1 1 0
52 53 32 1 1 0
50 115 59 1 1 0
50 115 63 1 1 0
115 52 47 1 1 0
48 54 50 1 1 0
55 54 72 1 1 0
55 54 79 1 1 0
55 56 24 1 1 0
51 55 39 1 1 0
48 51 72 1 0.7 0
59 56 12 1 0.6 0
59 56 15 1 0.7 0
59 58 37 1 1 0
58 60 40 1 1 0
60 61 30 1 1 0
61 63 17 1 1 0
62 63 19 1 1 0
59 65 41 1 1 0
65 66 23 1 1 0
65 64 38 1 1 0
63 64 40 1 1 0
66 67 22 0 1 0
67 68 43 1 1 0
67 69 96 0 1 0
69 70 22 0 0.8 0
70 71 17 1 1 0
68 72 36 1 1 0
72 73 41 1 1 0
73 74 41 0 0.9 0
62 72 25 1 1 0
72 75 80 1 1 0
75 76 26 1 1 0
75 76 29 1 1 0
61 63 37 1 1 0
61 78 95 1 1 0
61 78 100 1 1 0
78 116 14 1 1 0
78 117 39 1 1 0
117 81 55 1 1 0
53 60 47 1 1 0
53 60 53 1 1 0
60 81 147 1 1 0
81 82 41 1 1 0
82 83 29 1 1 0
81 84 89 1 1 0
84 85 29 0 1 0
85 86 36 0 1 0
85 86 40 1 1 0
115 83 123 1 1 0
84 90 80 0 1 0
87 88 60 1 1 0
86 87 10 0 1 0
88 89 32 0 1 0
89 90 89 1 1 0
90 92 13 1 1 0
91 92 23 1 1 0
91 93 50 1 0.7 0
91 93 56 1 0.6 0
93 118 39 1 1 0
118 119 63 0 0.8 0
119 94 76 1 1 0
119 94 82 1 1 0
94 120 30 1 1 0
94 120 130 1 1 0
96 120 42 1 1 0
96 98 37 1 0.8 0
96 98 66 1 1 0
98 99 60 1 1 0
99 100 123 1 1 0
100 122 59 1 0.7 0
122 101 77 1 0.8 0
101 124 61 1 1 0
44 124 105 1 1 0
97 120 54 1 1 0
97 120 60 1 1 0
97 121 46 1 1 0
124 125 53 1 1 0
125 102 34 0 1 0
125 126 68 1 1 0
126 127 74 1 1 0
127 122 74 1 1 0
112 128 68 1 1 0
128 129 63 1 1 0
128 130 45 1 1 0
130 115 25 1 1 0
122 128 108 1 1 0
127 143 66 1 1 0
102 108 97 1 1 0
127 136 57 1 1 0
136 137 17 1 1 0
137 138 18 1 1 0
138 139 16 1 1 0
139 140 65 1 1 0
108 140 171 1 1 0
137 114 116 1 1 0
139 107 69 1 1 0
139 145 117 1 1 0
139 145 120 1 1 0
145 146 17 1 1 0
145 147 15 1 1 0
145 147 30 1 1 0
107 149 49 1 1 0
148 149 78 1 1 0
144 149 59 1 1 0
147 149 70 1 1 0
136 150 117 1 1 0
150 144 40 1 1 0
143 109 92 1 1 0
74 151 59 1 1 0
151 163 38 1 1 0
151 152 30 1 1 0
75 152 26 1 1 0
163 164 29 1 1 0
163 164 32 1 1 0
164 154 42 1 1 0
154 157 89 1 1 0
157 93 104 1 1 0
93 158 33 1 1 0
75 156 68 1 1 0
75 156 72 1 1 0
75 156 75 1 1 0
116 156 40 1 1 0
116 156 130 1 1 0
155 156 61 1 1 0
155 156 70 1 1 0
155 158 97 1 1 0
155 158 100 1 1 0
158 159 22 1 1 0
159 165 28 1 1 0
160 165 34 1 1 0
161 165 23 1 1 0
88 165 60 1 1 0
109 166 31 1 1 0
109 166 35 1 1 0
75 152 40 1 1 0